Element:   0 0.0 0.0 0.0 0.0    849M0 -700.0 700.0 -4050.0 0.1000 0 0 0 1447.79 5.953 2067
Element:   1 0.0 0.0 0.0 0.0    832M0 -700.0 700.0 -4050.0 0.1000 0 0 0 1442.15 5.975 2064
Element:   2 0.0 0.0 0.0 0.0    833M0 -700.0 700.0 -4050.0 0.1000 0 0 0 1436.06 5.976 2066
Element:   3 0.0 0.0 0.0 0.0    848M0 -700.0 700.0 -4050.0 0.1000 0 0 0 1430.38 5.997 2065
Element:   4 0.0 0.0 0.0 0.0    817M0 -700.0 700.0 -4050.0 0.1000 0 0 0 1424.28 5.996 2867
Element:   5 0.0 0.0 0.0 0.0    800M0 -700.0 700.0 -4050.0 0.1000 0 0 0 1418.56 6.015 2864
Element:   6 0.0 0.0 0.0 0.0    801M0 -700.0 700.0 -4050.0 0.1000 0 0 0 1412.46 6.013 2866
Element:   7 0.0 0.0 0.0 0.0    816M0 -700.0 700.0 -4050.0 0.1000 0 0 0 1406.70 6.032 2865
Element:   8 0.0 0.0 0.0 0.0    977M0 -700.0 700.0 -4050.0 0.1000 0 0 0 1397.75 5.908 2355
Element:   9 0.0 0.0 0.0 0.0    960M0 -700.0 700.0 -4050.0 0.1000 0 0 0 1392.14 5.925 2352
Element:  10 0.0 0.0 0.0 0.0    961M0 -700.0 700.0 -4050.0 0.1000 0 0 0 1386.10 5.922 2354
Element:  11 0.0 0.0 0.0 0.0    976M0 -700.0 700.0 -4050.0 0.1000 0 0 0 1380.45 5.939 2353
Element:  12 0.0 0.0 0.0 0.0    945M0 -700.0 700.0 -4050.0 0.1000 0 0 0 1374.42 5.934 2003
Element:  13 0.0 0.0 0.0 0.0    928M0 -700.0 700.0 -4050.0 0.1000 0 0 0 1368.74 5.949 2000
Element:  14 0.0 0.0 0.0 0.0    929M0 -700.0 700.0 -4050.0 0.1000 0 0 0 1362.71 5.944 2002
Element:  15 0.0 0.0 0.0 0.0    944M0 -700.0 700.0 -4050.0 0.1000 0 0 0 1357.00 5.958 2001
Element:  16 0.0 0.0 0.0 0.0   1105M0 -700.0 700.0 -4050.0 0.1000 0 0 0 1348.30 5.838 2611
Element:  17 0.0 0.0 0.0 0.0   1088M0 -700.0 700.0 -4050.0 0.1000 0 0 0 1342.74 5.851 2608
Element:  18 0.0 0.0 0.0 0.0   1089M0 -700.0 700.0 -4050.0 0.1000 0 0 0 1336.78 5.846 2610
Element:  19 0.0 0.0 0.0 0.0   1104M0 -700.0 700.0 -4050.0 0.1000 0 0 0 1331.19 5.857 2609
Element:  20 0.0 0.0 0.0 0.0   1073M0 -700.0 700.0 -4050.0 0.1000 0 0 0 1325.24 5.850 2323
Element:  21 0.0 0.0 0.0 0.0   1056M0 -700.0 700.0 -4050.0 0.1000 0 0 0 1319.62 5.861 2320
Element:  22 0.0 0.0 0.0 0.0   1057M0 -700.0 700.0 -4050.0 0.1000 0 0 0 1313.69 5.852 2322
Element:  23 0.0 0.0 0.0 0.0   1072M0 -700.0 700.0 -4050.0 0.1000 0 0 0 1308.05 5.861 2321
Element:  24 0.0 0.0 0.0 0.0    913M0 -700.0 700.0 -4050.0 0.1000 0 0 0 1299.64 5.749 2291
Element:  25 0.0 0.0 0.0 0.0    896M0 -700.0 700.0 -4050.0 0.1000 0 0 0 1294.14 5.757 2288
Element:  26 0.0 0.0 0.0 0.0    897M0 -700.0 700.0 -4050.0 0.1000 0 0 0 1288.29 5.749 2290
Element:  27 0.0 0.0 0.0 0.0    912M0 -700.0 700.0 -4050.0 0.1000 0 0 0 1282.77 5.755 2289
Element:  28 0.0 0.0 0.0 0.0    881M0 -700.0 700.0 -4050.0 0.1000 0 0 0 1276.93 5.746 2579
Element:  29 0.0 0.0 0.0 0.0    864M0 -700.0 700.0 -4050.0 0.1000 0 0 0 1271.40 5.752 2576
Element:  30 0.0 0.0 0.0 0.0    865M0 -700.0 700.0 -4050.0 0.1000 0 0 0 1265.58 5.742 2578
Element:  31 0.0 0.0 0.0 0.0    880M0 -700.0 700.0 -4050.0 0.1000 0 0 0 1260.04 5.746 2577
Element:  32 0.0 0.0 0.0 0.0   1041M0 -700.0 700.0 -4050.0 0.1000 0 0 0 1251.95 5.642 2035
Element:  33 0.0 0.0 0.0 0.0   1024M0 -700.0 700.0 -4050.0 0.1000 0 0 0 1246.53 5.646 2032
Element:  34 0.0 0.0 0.0 0.0   1025M0 -700.0 700.0 -4050.0 0.1000 0 0 0 1240.80 5.636 2034
Element:  35 0.0 0.0 0.0 0.0   1040M0 -700.0 700.0 -4050.0 0.1000 0 0 0 1235.37 5.638 2033
Element:  36 0.0 0.0 0.0 0.0   1009M0 -700.0 700.0 -4050.0 0.1000 0 0 0 1229.66 5.627 2643
Element:  37 0.0 0.0 0.0 0.0    992M0 -700.0 700.0 -4050.0 0.1000 0 0 0 1224.23 5.629 2640
Element:  38 0.0 0.0 0.0 0.0    993M0 -700.0 700.0 -4050.0 0.1000 0 0 0 1218.54 5.616 2642
Element:  39 0.0 0.0 0.0 0.0   1008M0 -700.0 700.0 -4050.0 0.1000 0 0 0 1213.10 5.617 2641
Element:  40 0.0 0.0 0.0 0.0   1169M0 -700.0 700.0 -4050.0 0.1000 0 0 0 1205.34 5.521 2931
Element:  41 0.0 0.0 0.0 0.0   1152M0 -700.0 700.0 -4050.0 0.1000 0 0 0 1200.03 5.522 2928
Element:  42 0.0 0.0 0.0 0.0   1153M0 -700.0 700.0 -4050.0 0.1000 0 0 0 1194.42 5.509 2930
Element:  43 0.0 0.0 0.0 0.0   1168M0 -700.0 700.0 -4050.0 0.1000 0 0 0 1189.11 5.508 2929
Element:  44 0.0 0.0 0.0 0.0   1137M0 -700.0 700.0 -4050.0 0.1000 0 0 0 1183.53 5.495 2899
Element:  45 0.0 0.0 0.0 0.0   1120M0 -700.0 700.0 -4050.0 0.1000 0 0 0 1178.21 5.493 2896
Element:  46 0.0 0.0 0.0 0.0   1121M0 -700.0 700.0 -4050.0 0.1000 0 0 0 1172.66 5.479 2898
Element:  47 0.0 0.0 0.0 0.0   1136M0 -700.0 700.0 -4050.0 0.1000 0 0 0 1167.35 5.476 2897
Element:  48 0.0 0.0 0.0 0.0    851M0 -700.0 700.0 -4050.0 0.1000 0 0 0 1159.93 5.391 2071
Element:  49 0.0 0.0 0.0 0.0    834M0 -700.0 700.0 -4050.0 0.1000 0 0 0 1154.72 5.387 2068
Element:  50 0.0 0.0 0.0 0.0    835M0 -700.0 700.0 -4050.0 0.1000 0 0 0 1149.26 5.373 2070
Element:  51 0.0 0.0 0.0 0.0    850M0 -700.0 700.0 -4050.0 0.1000 0 0 0 1144.06 5.368 2069
Element:  52 0.0 0.0 0.0 0.0    819M0 -700.0 700.0 -4050.0 0.1000 0 0 0 1138.63 5.354 2871
Element:  53 0.0 0.0 0.0 0.0    802M0 -700.0 700.0 -4050.0 0.1000 0 0 0 1133.44 5.349 2868
Element:  54 0.0 0.0 0.0 0.0    803M0 -700.0 700.0 -4050.0 0.1000 0 0 0 1128.03 5.333 2870
Element:  55 0.0 0.0 0.0 0.0    818M0 -700.0 700.0 -4050.0 0.1000 0 0 0 1122.85 5.328 2869
Element:  56 0.0 0.0 0.0 0.0    979M0 -700.0 700.0 -4050.0 0.1000 0 0 0 1115.77 5.252 2359
Element:  57 0.0 0.0 0.0 0.0    962M0 -700.0 700.0 -4050.0 0.1000 0 0 0 1110.68 5.246 2356
Element:  58 0.0 0.0 0.0 0.0    963M0 -700.0 700.0 -4050.0 0.1000 0 0 0 1105.37 5.231 2358
Element:  59 0.0 0.0 0.0 0.0    978M0 -700.0 700.0 -4050.0 0.1000 0 0 0 1100.30 5.224 2357
Element:  60 0.0 0.0 0.0 0.0    947M0 -700.0 700.0 -4050.0 0.1000 0 0 0 1095.01 5.208 2007
Element:  61 0.0 0.0 0.0 0.0    930M0 -700.0 700.0 -4050.0 0.1000 0 0 0 1089.95 5.200 2004
Element:  62 0.0 0.0 0.0 0.0    931M0 -700.0 700.0 -4050.0 0.1000 0 0 0 1084.70 5.183 2006
Element:  63 0.0 0.0 0.0 0.0    946M0 -700.0 700.0 -4050.0 0.1000 0 0 0 1079.66 5.174 2005
Element:  64 0.0 0.0 0.0 0.0   1107M0 -700.0 700.0 -4050.0 0.1000 0 0 0 1072.90 5.110 2615
Element:  65 0.0 0.0 0.0 0.0   1090M0 -700.0 700.0 -4050.0 0.1000 0 0 0 1067.94 5.101 2612
Element:  66 0.0 0.0 0.0 0.0   1091M0 -700.0 700.0 -4050.0 0.1000 0 0 0 1062.78 5.087 2614
Element:  67 0.0 0.0 0.0 0.0   1106M0 -700.0 700.0 -4050.0 0.1000 0 0 0 1057.84 5.075 2613
Element:  68 0.0 0.0 0.0 0.0   1075M0 -700.0 700.0 -4050.0 0.1000 0 0 0 1052.71 5.059 2327
Element:  69 0.0 0.0 0.0 0.0   1058M0 -700.0 700.0 -4050.0 0.1000 0 0 0 1047.79 5.049 2324
Element:  70 0.0 0.0 0.0 0.0   1059M0 -700.0 700.0 -4050.0 0.1000 0 0 0 1042.69 5.031 2326
Element:  71 0.0 0.0 0.0 0.0   1074M0 -700.0 700.0 -4050.0 0.1000 0 0 0 1037.78 5.019 2325
Element:  72 0.0 0.0 0.0 0.0    915M0 -700.0 700.0 -4050.0 0.1000 0 0 0 1031.35 4.966 2295
Element:  73 0.0 0.0 0.0 0.0    898M0 -700.0 700.0 -4050.0 0.1000 0 0 0 1026.51 4.955 2292
Element:  74 0.0 0.0 0.0 0.0    899M0 -700.0 700.0 -4050.0 0.1000 0 0 0 1021.50 4.938 2294
Element:  75 0.0 0.0 0.0 0.0    914M0 -700.0 700.0 -4050.0 0.1000 0 0 0 1016.70 4.926 2293
Element:  76 0.0 0.0 0.0 0.0    883M0 -700.0 700.0 -4050.0 0.1000 0 0 0 1011.72 4.909 2583
Element:  77 0.0 0.0 0.0 0.0    866M0 -700.0 700.0 -4050.0 0.1000 0 0 0 1006.93 4.897 2580
Element:  78 0.0 0.0 0.0 0.0    867M0 -700.0 700.0 -4050.0 0.1000 0 0 0 1001.99 4.878 2582
Element:  79 0.0 0.0 0.0 0.0    882M0 -700.0 700.0 -4050.0 0.1000 0 0 0  997.23 4.865 2581
Element:  80 0.0 0.0 0.0 0.0   1043M0 -700.0 700.0 -4050.0 0.1000 0 0 0  991.10 4.823 2039
Element:  81 0.0 0.0 0.0 0.0   1026M0 -700.0 700.0 -4050.0 0.1000 0 0 0  986.40 4.809 2036
Element:  82 0.0 0.0 0.0 0.0   1027M0 -700.0 700.0 -4050.0 0.1000 0 0 0  981.54 4.791 2038
Element:  83 0.0 0.0 0.0 0.0   1042M0 -700.0 700.0 -4050.0 0.1000 0 0 0  976.86 4.777 2037
Element:  84 0.0 0.0 0.0 0.0   1011M0 -700.0 700.0 -4050.0 0.1000 0 0 0  972.04 4.760 2647
Element:  85 0.0 0.0 0.0 0.0    994M0 -700.0 700.0 -4050.0 0.1000 0 0 0  967.39 4.746 2644
Element:  86 0.0 0.0 0.0 0.0    995M0 -700.0 700.0 -4050.0 0.1000 0 0 0  962.60 4.728 2646
Element:  87 0.0 0.0 0.0 0.0   1010M0 -700.0 700.0 -4050.0 0.1000 0 0 0  957.98 4.713 2645
Element:  88 0.0 0.0 0.0 0.0   1171M0 -700.0 700.0 -4050.0 0.1000 0 0 0  952.13 4.678 2935
Element:  89 0.0 0.0 0.0 0.0   1154M0 -700.0 700.0 -4050.0 0.1000 0 0 0  947.56 4.664 2932
Element:  90 0.0 0.0 0.0 0.0   1155M0 -700.0 700.0 -4050.0 0.1000 0 0 0  942.85 4.647 2934
Element:  91 0.0 0.0 0.0 0.0   1170M0 -700.0 700.0 -4050.0 0.1000 0 0 0  938.31 4.631 2933
Element:  92 0.0 0.0 0.0 0.0   1139M0 -700.0 700.0 -4050.0 0.1000 0 0 0  933.63 4.614 2903
Element:  93 0.0 0.0 0.0 0.0   1122M0 -700.0 700.0 -4050.0 0.1000 0 0 0  929.12 4.597 2900
Element:  94 0.0 0.0 0.0 0.0   1123M0 -700.0 700.0 -4050.0 0.1000 0 0 0  924.48 4.580 2902
Element:  95 0.0 0.0 0.0 0.0   1138M0 -700.0 700.0 -4050.0 0.1000 0 0 0  920.00 4.564 2901
Element:  96 0.0 0.0 0.0 0.0    853M0 -700.0 700.0 -4050.0 0.1000 0 0 0  914.43 4.538 2075
Element:  97 0.0 0.0 0.0 0.0    836M0 -700.0 700.0 -4050.0 0.1000 0 0 0  909.99 4.522 2072
Element:  98 0.0 0.0 0.0 0.0    837M0 -700.0 700.0 -4050.0 0.1000 0 0 0  905.42 4.505 2074
Element:  99 0.0 0.0 0.0 0.0    852M0 -700.0 700.0 -4050.0 0.1000 0 0 0  901.01 4.488 2073
Element: 100 0.0 0.0 0.0 0.0    821M0 -700.0 700.0 -4050.0 0.1000 0 0 0  896.48 4.471 2875
Element: 101 0.0 0.0 0.0 0.0    804M0 -700.0 700.0 -4050.0 0.1000 0 0 0  892.10 4.453 2872
Element: 102 0.0 0.0 0.0 0.0    805M0 -700.0 700.0 -4050.0 0.1000 0 0 0  887.60 4.435 2874
Element: 103 0.0 0.0 0.0 0.0    820M0 -700.0 700.0 -4050.0 0.1000 0 0 0  883.26 4.418 2873
Element: 104 0.0 0.0 0.0 0.0    981M0 -700.0 700.0 -4050.0 0.1000 0 0 0  877.95 4.402 2363
Element: 105 0.0 0.0 0.0 0.0    964M0 -700.0 700.0 -4050.0 0.1000 0 0 0  873.63 4.385 2360
Element: 106 0.0 0.0 0.0 0.0    965M0 -700.0 700.0 -4050.0 0.1000 0 0 0  869.20 4.367 2362
Element: 107 0.0 0.0 0.0 0.0    980M0 -700.0 700.0 -4050.0 0.1000 0 0 0  864.92 4.349 2361
Element: 108 0.0 0.0 0.0 0.0    949M0 -700.0 700.0 -4050.0 0.1000 0 0 0  860.53 4.332 2011
Element: 109 0.0 0.0 0.0 0.0    932M0 -700.0 700.0 -4050.0 0.1000 0 0 0  856.28 4.314 2008
Element: 110 0.0 0.0 0.0 0.0    933M0 -700.0 700.0 -4050.0 0.1000 0 0 0  851.93 4.296 2010
Element: 111 0.0 0.0 0.0 0.0    948M0 -700.0 700.0 -4050.0 0.1000 0 0 0  847.72 4.276 2009
Element: 112 0.0 0.0 0.0 0.0   1109M0 -700.0 700.0 -4050.0 0.1000 0 0 0  842.64 4.268 2619
Element: 113 0.0 0.0 0.0 0.0   1092M0 -700.0 700.0 -4050.0 0.1000 0 0 0  838.45 4.251 2616
Element: 114 0.0 0.0 0.0 0.0   1093M0 -700.0 700.0 -4050.0 0.1000 0 0 0  834.16 4.234 2618
Element: 115 0.0 0.0 0.0 0.0   1108M0 -700.0 700.0 -4050.0 0.1000 0 0 0  830.00 4.215 2617
Element: 116 0.0 0.0 0.0 0.0   1077M0 -700.0 700.0 -4050.0 0.1000 0 0 0  825.75 4.197 2331
Element: 117 0.0 0.0 0.0 0.0   1060M0 -700.0 700.0 -4050.0 0.1000 0 0 0  821.63 4.178 2328
Element: 118 0.0 0.0 0.0 0.0   1061M0 -700.0 700.0 -4050.0 0.1000 0 0 0  817.41 4.161 2330
Element: 119 0.0 0.0 0.0 0.0   1076M0 -700.0 700.0 -4050.0 0.1000 0 0 0  813.33 4.141 2329
Element: 120 0.0 0.0 0.0 0.0    917M0 -700.0 700.0 -4050.0 0.1000 0 0 0  808.49 4.140 2299
Element: 121 0.0 0.0 0.0 0.0    900M0 -700.0 700.0 -4050.0 0.1000 0 0 0  804.41 4.120 2296
Element: 122 0.0 0.0 0.0 0.0    901M0 -700.0 700.0 -4050.0 0.1000 0 0 0  800.26 4.104 2298
Element: 123 0.0 0.0 0.0 0.0    916M0 -700.0 700.0 -4050.0 0.1000 0 0 0  796.22 4.084 2297
Element: 124 0.0 0.0 0.0 0.0    885M0 -700.0 700.0 -4050.0 0.1000 0 0 0  792.10 4.067 2587
Element: 125 0.0 0.0 0.0 0.0    868M0 -700.0 700.0 -4050.0 0.1000 0 0 0  788.11 4.048 2584
Element: 126 0.0 0.0 0.0 0.0    869M0 -700.0 700.0 -4050.0 0.1000 0 0 0  784.02 4.030 2586
Element: 127 0.0 0.0 0.0 0.0    884M0 -700.0 700.0 -4050.0 0.1000 0 0 0  780.06 4.011 2585
Element: 128 0.0 0.0 0.0 0.0   1045M0 -700.0 700.0 -4050.0 0.1000 0 0 0  775.43 4.016 2043
Element: 129 0.0 0.0 0.0 0.0   1028M0 -700.0 700.0 -4050.0 0.1000 0 0 0  771.48 3.997 2040
Element: 130 0.0 0.0 0.0 0.0   1029M0 -700.0 700.0 -4050.0 0.1000 0 0 0  767.45 3.980 2042
Element: 131 0.0 0.0 0.0 0.0   1044M0 -700.0 700.0 -4050.0 0.1000 0 0 0  763.54 3.959 2041
Element: 132 0.0 0.0 0.0 0.0   1013M0 -700.0 700.0 -4050.0 0.1000 0 0 0  759.55 3.942 2651
Element: 133 0.0 0.0 0.0 0.0    996M0 -700.0 700.0 -4050.0 0.1000 0 0 0  755.67 3.922 2648
Element: 134 0.0 0.0 0.0 0.0    997M0 -700.0 700.0 -4050.0 0.1000 0 0 0  751.71 3.905 2650
Element: 135 0.0 0.0 0.0 0.0   1012M0 -700.0 700.0 -4050.0 0.1000 0 0 0  747.88 3.884 2649
Element: 136 0.0 0.0 0.0 0.0   1173M0 -700.0 700.0 -4050.0 0.1000 0 0 0  743.46 3.896 2939
Element: 137 0.0 0.0 0.0 0.0   1156M0 -700.0 700.0 -4050.0 0.1000 0 0 0  739.62 3.876 2936
Element: 138 0.0 0.0 0.0 0.0   1157M0 -700.0 700.0 -4050.0 0.1000 0 0 0  735.71 3.860 2938
Element: 139 0.0 0.0 0.0 0.0   1172M0 -700.0 700.0 -4050.0 0.1000 0 0 0  731.92 3.838 2937
Element: 140 0.0 0.0 0.0 0.0   1141M0 -700.0 700.0 -4050.0 0.1000 0 0 0  728.05 3.822 2907
Element: 141 0.0 0.0 0.0 0.0   1124M0 -700.0 700.0 -4050.0 0.1000 0 0 0  724.29 3.801 2904
Element: 142 0.0 0.0 0.0 0.0   1125M0 -700.0 700.0 -4050.0 0.1000 0 0 0  720.45 3.785 2906
Element: 143 0.0 0.0 0.0 0.0   1140M0 -700.0 700.0 -4050.0 0.1000 0 0 0  716.74 3.763 2905
Element: 144 0.0 0.0 0.0 0.0    855M0 -700.0 700.0 -4050.0 0.1000 0 0 0  712.50 3.782 2079
Element: 145 0.0 0.0 0.0 0.0    838M0 -700.0 700.0 -4050.0 0.1000 0 0 0  708.78 3.760 2076
Element: 146 0.0 0.0 0.0 0.0    839M0 -700.0 700.0 -4050.0 0.1000 0 0 0  704.99 3.744 2078
Element: 147 0.0 0.0 0.0 0.0    854M0 -700.0 700.0 -4050.0 0.1000 0 0 0  701.31 3.723 2077
Element: 148 0.0 0.0 0.0 0.0    823M0 -700.0 700.0 -4050.0 0.1000 0 0 0  697.56 3.706 2879
Element: 149 0.0 0.0 0.0 0.0    806M0 -700.0 700.0 -4050.0 0.1000 0 0 0  693.91 3.686 2876
Element: 150 0.0 0.0 0.0 0.0    807M0 -700.0 700.0 -4050.0 0.1000 0 0 0  690.19 3.668 2878
Element: 151 0.0 0.0 0.0 0.0    822M0 -700.0 700.0 -4050.0 0.1000 0 0 0  686.60 3.647 2877
Element: 152 0.0 0.0 0.0 0.0    983M0 -700.0 700.0 -4050.0 0.1000 0 0 0  682.54 3.672 2367
Element: 153 0.0 0.0 0.0 0.0    966M0 -700.0 700.0 -4050.0 0.1000 0 0 0  678.92 3.649 2364
Element: 154 0.0 0.0 0.0 0.0    967M0 -700.0 700.0 -4050.0 0.1000 0 0 0  675.25 3.634 2366
Element: 155 0.0 0.0 0.0 0.0    982M0 -700.0 700.0 -4050.0 0.1000 0 0 0  671.67 3.612 2365
Element: 156 0.0 0.0 0.0 0.0    951M0 -700.0 700.0 -4050.0 0.1000 0 0 0  668.03 3.595 2015
Element: 157 0.0 0.0 0.0 0.0    934M0 -700.0 700.0 -4050.0 0.1000 0 0 0  664.50 3.573 2012
Element: 158 0.0 0.0 0.0 0.0    935M0 -700.0 700.0 -4050.0 0.1000 0 0 0  660.89 3.558 2014
Element: 159 0.0 0.0 0.0 0.0    950M0 -700.0 700.0 -4050.0 0.1000 0 0 0  657.40 3.535 2013
Element: 160 0.0 0.0 0.0 0.0   1111M0 -700.0 700.0 -4050.0 0.1000 0 0 0  653.51 3.565 2623
Element: 161 0.0 0.0 0.0 0.0   1094M0 -700.0 700.0 -4050.0 0.1000 0 0 0  649.99 3.543 2620
Element: 162 0.0 0.0 0.0 0.0   1095M0 -700.0 700.0 -4050.0 0.1000 0 0 0  646.43 3.527 2622
Element: 163 0.0 0.0 0.0 0.0   1110M0 -700.0 700.0 -4050.0 0.1000 0 0 0  642.96 3.505 2621
Element: 164 0.0 0.0 0.0 0.0   1079M0 -700.0 700.0 -4050.0 0.1000 0 0 0  639.43 3.489 2335
Element: 165 0.0 0.0 0.0 0.0   1062M0 -700.0 700.0 -4050.0 0.1000 0 0 0  636.00 3.467 2332
Element: 166 0.0 0.0 0.0 0.0   1063M0 -700.0 700.0 -4050.0 0.1000 0 0 0  632.50 3.451 2334
Element: 167 0.0 0.0 0.0 0.0   1078M0 -700.0 700.0 -4050.0 0.1000 0 0 0  629.12 3.428 2333
Element: 168 0.0 0.0 0.0 0.0    919M0 -700.0 700.0 -4050.0 0.1000 0 0 0  625.38 3.462 2303
Element: 169 0.0 0.0 0.0 0.0    902M0 -700.0 700.0 -4050.0 0.1000 0 0 0  621.96 3.438 2300
Element: 170 0.0 0.0 0.0 0.0    903M0 -700.0 700.0 -4050.0 0.1000 0 0 0  618.51 3.424 2302
Element: 171 0.0 0.0 0.0 0.0    918M0 -700.0 700.0 -4050.0 0.1000 0 0 0  615.13 3.401 2301
Element: 172 0.0 0.0 0.0 0.0    887M0 -700.0 700.0 -4050.0 0.1000 0 0 0  611.71 3.387 2591
Element: 173 0.0 0.0 0.0 0.0    870M0 -700.0 700.0 -4050.0 0.1000 0 0 0  608.38 3.363 2588
Element: 174 0.0 0.0 0.0 0.0    871M0 -700.0 700.0 -4050.0 0.1000 0 0 0  604.99 3.348 2590
Element: 175 0.0 0.0 0.0 0.0    886M0 -700.0 700.0 -4050.0 0.1000 0 0 0  601.71 3.326 2589
Element: 176 0.0 0.0 0.0 0.0   1047M0 -700.0 700.0 -4050.0 0.1000 0 0 0  598.12 3.363 2047
Element: 177 0.0 0.0 0.0 0.0   1030M0 -700.0 700.0 -4050.0 0.1000 0 0 0  594.79 3.340 2044
Element: 178 0.0 0.0 0.0 0.0   1031M0 -700.0 700.0 -4050.0 0.1000 0 0 0  591.44 3.326 2046
Element: 179 0.0 0.0 0.0 0.0   1046M0 -700.0 700.0 -4050.0 0.1000 0 0 0  588.17 3.302 2045
Element: 180 0.0 0.0 0.0 0.0   1015M0 -700.0 700.0 -4050.0 0.1000 0 0 0  584.84 3.287 2655
Element: 181 0.0 0.0 0.0 0.0    998M0 -700.0 700.0 -4050.0 0.1000 0 0 0  581.61 3.264 2652
Element: 182 0.0 0.0 0.0 0.0    999M0 -700.0 700.0 -4050.0 0.1000 0 0 0  578.32 3.249 2654
Element: 183 0.0 0.0 0.0 0.0   1014M0 -700.0 700.0 -4050.0 0.1000 0 0 0  575.13 3.227 2653
Element: 184 0.0 0.0 0.0 0.0   1175M0 -700.0 700.0 -4050.0 0.1000 0 0 0  571.68 3.267 2943
Element: 185 0.0 0.0 0.0 0.0   1158M0 -700.0 700.0 -4050.0 0.1000 0 0 0  568.45 3.243 2940
Element: 186 0.0 0.0 0.0 0.0   1159M0 -700.0 700.0 -4050.0 0.1000 0 0 0  565.20 3.230 2942
Element: 187 0.0 0.0 0.0 0.0   1174M0 -700.0 700.0 -4050.0 0.1000 0 0 0  562.02 3.206 2941
Element: 188 0.0 0.0 0.0 0.0   1143M0 -700.0 700.0 -4050.0 0.1000 0 0 0  558.79 3.191 2911
Element: 189 0.0 0.0 0.0 0.0   1126M0 -700.0 700.0 -4050.0 0.1000 0 0 0  555.65 3.168 2908
Element: 190 0.0 0.0 0.0 0.0   1127M0 -700.0 700.0 -4050.0 0.1000 0 0 0  552.45 3.154 2910
Element: 191 0.0 0.0 0.0 0.0   1142M0 -700.0 700.0 -4050.0 0.1000 0 0 0  549.37 3.130 2909
Element: 192 0.0 0.0 0.0 0.0    857M0 -700.0 700.0 -4050.0 0.1000 0 0 0  546.04 3.176 2083
Element: 193 0.0 0.0 0.0 0.0    840M0 -700.0 700.0 -4050.0 0.1000 0 0 0  542.91 3.151 2080
Element: 194 0.0 0.0 0.0 0.0    841M0 -700.0 700.0 -4050.0 0.1000 0 0 0  539.75 3.137 2082
Element: 195 0.0 0.0 0.0 0.0    856M0 -700.0 700.0 -4050.0 0.1000 0 0 0  536.65 3.113 2081
Element: 196 0.0 0.0 0.0 0.0    825M0 -700.0 700.0 -4050.0 0.1000 0 0 0  533.52 3.099 2883
Element: 197 0.0 0.0 0.0 0.0    808M0 -700.0 700.0 -4050.0 0.1000 0 0 0  530.48 3.075 2880
Element: 198 0.0 0.0 0.0 0.0    809M0 -700.0 700.0 -4050.0 0.1000 0 0 0  527.37 3.062 2882
Element: 199 0.0 0.0 0.0 0.0    824M0 -700.0 700.0 -4050.0 0.1000 0 0 0  524.38 3.038 2881
Element: 200 0.0 0.0 0.0 0.0    985M0 -700.0 700.0 -4050.0 0.1000 0 0 0  521.18 3.085 2371
Element: 201 0.0 0.0 0.0 0.0    968M0 -700.0 700.0 -4050.0 0.1000 0 0 0  518.13 3.061 2368
Element: 202 0.0 0.0 0.0 0.0    969M0 -700.0 700.0 -4050.0 0.1000 0 0 0  515.06 3.047 2370
Element: 203 0.0 0.0 0.0 0.0    984M0 -700.0 700.0 -4050.0 0.1000 0 0 0  512.06 3.023 2369
Element: 204 0.0 0.0 0.0 0.0    953M0 -700.0 700.0 -4050.0 0.1000 0 0 0  509.01 3.010 2019
Element: 205 0.0 0.0 0.0 0.0    936M0 -700.0 700.0 -4050.0 0.1000 0 0 0  506.06 2.985 2016
Element: 206 0.0 0.0 0.0 0.0    937M0 -700.0 700.0 -4050.0 0.1000 0 0 0  503.04 2.972 2018
Element: 207 0.0 0.0 0.0 0.0    952M0 -700.0 700.0 -4050.0 0.1000 0 0 0  500.14 2.947 2017
Element: 208 0.0 0.0 0.0 0.0   1113M0 -700.0 700.0 -4050.0 0.1000 0 0 0  497.05 2.999 2627
Element: 209 0.0 0.0 0.0 0.0   1096M0 -700.0 700.0 -4050.0 0.1000 0 0 0  494.09 2.974 2624
Element: 210 0.0 0.0 0.0 0.0   1097M0 -700.0 700.0 -4050.0 0.1000 0 0 0  491.11 2.961 2626
Element: 211 0.0 0.0 0.0 0.0   1112M0 -700.0 700.0 -4050.0 0.1000 0 0 0  488.19 2.936 2625
Element: 212 0.0 0.0 0.0 0.0   1081M0 -700.0 700.0 -4050.0 0.1000 0 0 0  485.24 2.923 2339
Element: 213 0.0 0.0 0.0 0.0   1064M0 -700.0 700.0 -4050.0 0.1000 0 0 0  482.37 2.898 2336
Element: 214 0.0 0.0 0.0 0.0   1065M0 -700.0 700.0 -4050.0 0.1000 0 0 0  479.44 2.885 2338
Element: 215 0.0 0.0 0.0 0.0   1080M0 -700.0 700.0 -4050.0 0.1000 0 0 0  476.62 2.859 2337
Element: 216 0.0 0.0 0.0 0.0    921M0 -700.0 700.0 -4050.0 0.1000 0 0 0  473.65 2.913 2307
Element: 217 0.0 0.0 0.0 0.0    904M0 -700.0 700.0 -4050.0 0.1000 0 0 0  470.77 2.888 2304
Element: 218 0.0 0.0 0.0 0.0    905M0 -700.0 700.0 -4050.0 0.1000 0 0 0  467.87 2.875 2306
Element: 219 0.0 0.0 0.0 0.0    920M0 -700.0 700.0 -4050.0 0.1000 0 0 0  465.04 2.850 2305
Element: 220 0.0 0.0 0.0 0.0    889M0 -700.0 700.0 -4050.0 0.1000 0 0 0  462.17 2.838 2595
Element: 221 0.0 0.0 0.0 0.0    872M0 -700.0 700.0 -4050.0 0.1000 0 0 0  459.39 2.812 2592
Element: 222 0.0 0.0 0.0 0.0    873M0 -700.0 700.0 -4050.0 0.1000 0 0 0  456.55 2.799 2594
Element: 223 0.0 0.0 0.0 0.0    888M0 -700.0 700.0 -4050.0 0.1000 0 0 0  453.82 2.775 2593
Element: 224 0.0 0.0 0.0 0.0   1049M0 -700.0 700.0 -4050.0 0.1000 0 0 0  450.95 2.831 2051
Element: 225 0.0 0.0 0.0 0.0   1032M0 -700.0 700.0 -4050.0 0.1000 0 0 0  448.15 2.806 2048
Element: 226 0.0 0.0 0.0 0.0   1033M0 -700.0 700.0 -4050.0 0.1000 0 0 0  445.34 2.794 2050
Element: 227 0.0 0.0 0.0 0.0   1048M0 -700.0 700.0 -4050.0 0.1000 0 0 0  442.59 2.768 2049
Element: 228 0.0 0.0 0.0 0.0   1017M0 -700.0 700.0 -4050.0 0.1000 0 0 0  439.80 2.755 2659
Element: 229 0.0 0.0 0.0 0.0   1000M0 -700.0 700.0 -4050.0 0.1000 0 0 0  437.10 2.729 2656
Element: 230 0.0 0.0 0.0 0.0   1001M0 -700.0 700.0 -4050.0 0.1000 0 0 0  434.34 2.717 2658
Element: 231 0.0 0.0 0.0 0.0   1016M0 -700.0 700.0 -4050.0 0.1000 0 0 0  431.69 2.693 2657
Element: 232 0.0 0.0 0.0 0.0   1177M0 -700.0 700.0 -4050.0 0.1000 0 0 0  428.92 2.750 2947
Element: 233 0.0 0.0 0.0 0.0   1160M0 -700.0 700.0 -4050.0 0.1000 0 0 0  426.21 2.723 2944
Element: 234 0.0 0.0 0.0 0.0   1161M0 -700.0 700.0 -4050.0 0.1000 0 0 0  423.47 2.712 2946
Element: 235 0.0 0.0 0.0 0.0   1176M0 -700.0 700.0 -4050.0 0.1000 0 0 0  420.81 2.687 2945
Element: 236 0.0 0.0 0.0 0.0   1145M0 -700.0 700.0 -4050.0 0.1000 0 0 0  418.10 2.674 2915
Element: 237 0.0 0.0 0.0 0.0   1128M0 -700.0 700.0 -4050.0 0.1000 0 0 0  415.48 2.648 2912
Element: 238 0.0 0.0 0.0 0.0   1129M0 -700.0 700.0 -4050.0 0.1000 0 0 0  412.80 2.637 2914
Element: 239 0.0 0.0 0.0 0.0   1144M0 -700.0 700.0 -4050.0 0.1000 0 0 0  410.24 2.610 2913
Element: 240 0.0 0.0 0.0 0.0    859M0 -700.0 700.0 -4050.0 0.1000 0 0 0  407.57 2.671 2087
Element: 241 0.0 0.0 0.0 0.0    842M0 -700.0 700.0 -4050.0 0.1000 0 0 0  404.93 2.645 2084
Element: 242 0.0 0.0 0.0 0.0    843M0 -700.0 700.0 -4050.0 0.1000 0 0 0  402.28 2.632 2086
Element: 243 0.0 0.0 0.0 0.0    858M0 -700.0 700.0 -4050.0 0.1000 0 0 0  399.69 2.605 2085
Element: 244 0.0 0.0 0.0 0.0    827M0 -700.0 700.0 -4050.0 0.1000 0 0 0  397.06 2.595 2887
Element: 245 0.0 0.0 0.0 0.0    810M0 -700.0 700.0 -4050.0 0.1000 0 0 0  394.53 2.569 2884
Element: 246 0.0 0.0 0.0 0.0    811M0 -700.0 700.0 -4050.0 0.1000 0 0 0  391.92 2.557 2886
Element: 247 0.0 0.0 0.0 0.0    826M0 -700.0 700.0 -4050.0 0.1000 0 0 0  389.44 2.531 2885
Element: 248 0.0 0.0 0.0 0.0    987M0 -700.0 700.0 -4050.0 0.1000 0 0 0  386.87 2.591 2375
Element: 249 0.0 0.0 0.0 0.0    970M0 -700.0 700.0 -4050.0 0.1000 0 0 0  384.30 2.566 2372
Element: 250 0.0 0.0 0.0 0.0    971M0 -700.0 700.0 -4050.0 0.1000 0 0 0  381.73 2.554 2374
Element: 251 0.0 0.0 0.0 0.0    986M0 -700.0 700.0 -4050.0 0.1000 0 0 0  379.22 2.527 2373
Element: 252 0.0 0.0 0.0 0.0    955M0 -700.0 700.0 -4050.0 0.1000 0 0 0  376.67 2.517 2023
Element: 253 0.0 0.0 0.0 0.0    938M0 -700.0 700.0 -4050.0 0.1000 0 0 0  374.21 2.490 2020
Element: 254 0.0 0.0 0.0 0.0    939M0 -700.0 700.0 -4050.0 0.1000 0 0 0  371.68 2.479 2022
Element: 255 0.0 0.0 0.0 0.0    954M0 -700.0 700.0 -4050.0 0.1000 0 0 0  369.28 2.453 2021
Element: 256 0.0 0.0 0.0 0.0   1115M0 -700.0 700.0 -4050.0 0.1000 0 0 0  366.80 2.516 2631
Element: 257 0.0 0.0 0.0 0.0   1098M0 -700.0 700.0 -4050.0 0.1000 0 0 0  364.32 2.489 2628
Element: 258 0.0 0.0 0.0 0.0   1099M0 -700.0 700.0 -4050.0 0.1000 0 0 0  361.82 2.476 2630
Element: 259 0.0 0.0 0.0 0.0   1114M0 -700.0 700.0 -4050.0 0.1000 0 0 0  359.39 2.449 2629
Element: 260 0.0 0.0 0.0 0.0   1083M0 -700.0 700.0 -4050.0 0.1000 0 0 0  356.91 2.438 2343
Element: 261 0.0 0.0 0.0 0.0   1066M0 -700.0 700.0 -4050.0 0.1000 0 0 0  354.54 2.415 2340
Element: 262 0.0 0.0 0.0 0.0   1067M0 -700.0 700.0 -4050.0 0.1000 0 0 0  352.08 2.402 2342
Element: 263 0.0 0.0 0.0 0.0   1082M0 -700.0 700.0 -4050.0 0.1000 0 0 0  349.76 2.376 2341
Element: 264 0.0 0.0 0.0 0.0    923M0 -700.0 700.0 -4050.0 0.1000 0 0 0  347.37 2.438 2311
Element: 265 0.0 0.0 0.0 0.0    906M0 -700.0 700.0 -4050.0 0.1000 0 0 0  344.96 2.412 2308
Element: 266 0.0 0.0 0.0 0.0    907M0 -700.0 700.0 -4050.0 0.1000 0 0 0  342.54 2.401 2310
Element: 267 0.0 0.0 0.0 0.0    922M0 -700.0 700.0 -4050.0 0.1000 0 0 0  340.18 2.375 2309
Element: 268 0.0 0.0 0.0 0.0    891M0 -700.0 700.0 -4050.0 0.1000 0 0 0  337.79 2.362 2599
Element: 269 0.0 0.0 0.0 0.0    874M0 -700.0 700.0 -4050.0 0.1000 0 0 0  335.48 2.336 2596
Element: 270 0.0 0.0 0.0 0.0    875M0 -700.0 700.0 -4050.0 0.1000 0 0 0  333.11 2.325 2598
Element: 271 0.0 0.0 0.0 0.0    890M0 -700.0 700.0 -4050.0 0.1000 0 0 0  330.86 2.299 2597
Element: 272 0.0 0.0 0.0 0.0   1051M0 -700.0 700.0 -4050.0 0.1000 0 0 0  328.56 2.363 2055
Element: 273 0.0 0.0 0.0 0.0   1034M0 -700.0 700.0 -4050.0 0.1000 0 0 0  326.22 2.334 2052
Element: 274 0.0 0.0 0.0 0.0   1035M0 -700.0 700.0 -4050.0 0.1000 0 0 0  323.88 2.325 2054
Element: 275 0.0 0.0 0.0 0.0   1050M0 -700.0 700.0 -4050.0 0.1000 0 0 0  321.60 2.298 2053
Element: 276 0.0 0.0 0.0 0.0   1019M0 -700.0 700.0 -4050.0 0.1000 0 0 0  319.28 2.285 2663
Element: 277 0.0 0.0 0.0 0.0   1002M0 -700.0 700.0 -4050.0 0.1000 0 0 0  317.05 2.259 2660
Element: 278 0.0 0.0 0.0 0.0   1003M0 -700.0 700.0 -4050.0 0.1000 0 0 0  314.75 2.250 2662
Element: 279 0.0 0.0 0.0 0.0   1018M0 -700.0 700.0 -4050.0 0.1000 0 0 0  312.58 2.222 2661
Element: 280 0.0 0.0 0.0 0.0   1179M0 -700.0 700.0 -4050.0 0.1000 0 0 0  310.36 2.288 2951
Element: 281 0.0 0.0 0.0 0.0   1162M0 -700.0 700.0 -4050.0 0.1000 0 0 0  308.10 2.259 2948
Element: 282 0.0 0.0 0.0 0.0   1163M0 -700.0 700.0 -4050.0 0.1000 0 0 0  305.84 2.249 2950
Element: 283 0.0 0.0 0.0 0.0   1178M0 -700.0 700.0 -4050.0 0.1000 0 0 0  303.63 2.221 2949
Element: 284 0.0 0.0 0.0 0.0   1147M0 -700.0 700.0 -4050.0 0.1000 0 0 0  301.38 2.212 2919
Element: 285 0.0 0.0 0.0 0.0   1130M0 -700.0 700.0 -4050.0 0.1000 0 0 0  299.24 2.185 2916
Element: 286 0.0 0.0 0.0 0.0   1131M0 -700.0 700.0 -4050.0 0.1000 0 0 0  297.01 2.174 2918
Element: 287 0.0 0.0 0.0 0.0   1146M0 -700.0 700.0 -4050.0 0.1000 0 0 0  294.92 2.147 2917
Element: 288 0.0 0.0 0.0 0.0    861M0 -700.0 700.0 -4050.0 0.1000 0 0 0  292.78 2.213 2091
Element: 289 0.0 0.0 0.0 0.0    844M0 -700.0 700.0 -4050.0 0.1000 0 0 0  290.60 2.184 2088
Element: 290 0.0 0.0 0.0 0.0    845M0 -700.0 700.0 -4050.0 0.1000 0 0 0  288.40 2.175 2090
Element: 291 0.0 0.0 0.0 0.0    860M0 -700.0 700.0 -4050.0 0.1000 0 0 0  286.28 2.148 2089
Element: 292 0.0 0.0 0.0 0.0    829M0 -700.0 700.0 -4050.0 0.1000 0 0 0  284.10 2.137 2891
Element: 293 0.0 0.0 0.0 0.0    812M0 -700.0 700.0 -4050.0 0.1000 0 0 0  282.03 2.109 2888
Element: 294 0.0 0.0 0.0 0.0    813M0 -700.0 700.0 -4050.0 0.1000 0 0 0  279.88 2.100 2890
Element: 295 0.0 0.0 0.0 0.0    828M0 -700.0 700.0 -4050.0 0.1000 0 0 0  277.86 2.072 2889
Element: 296 0.0 0.0 0.0 0.0    989M0 -700.0 700.0 -4050.0 0.1000 0 0 0  275.81 2.137 2379
Element: 297 0.0 0.0 0.0 0.0    972M0 -700.0 700.0 -4050.0 0.1000 0 0 0  273.70 2.109 2376
Element: 298 0.0 0.0 0.0 0.0    973M0 -700.0 700.0 -4050.0 0.1000 0 0 0  271.58 2.098 2378
Element: 299 0.0 0.0 0.0 0.0    988M0 -700.0 700.0 -4050.0 0.1000 0 0 0  269.53 2.073 2377
Element: 300 0.0 0.0 0.0 0.0    957M0 -700.0 700.0 -4050.0 0.1000 0 0 0  267.43 2.063 2027
Element: 301 0.0 0.0 0.0 0.0    940M0 -700.0 700.0 -4050.0 0.1000 0 0 0  265.44 2.034 2024
Element: 302 0.0 0.0 0.0 0.0    941M0 -700.0 700.0 -4050.0 0.1000 0 0 0  263.35 2.026 2026
Element: 303 0.0 0.0 0.0 0.0    956M0 -700.0 700.0 -4050.0 0.1000 0 0 0  261.42 1.997 2025
Element: 304 0.0 0.0 0.0 0.0   1117M0 -700.0 700.0 -4050.0 0.1000 0 0 0  259.45 2.063 2635
Element: 305 0.0 0.0 0.0 0.0   1100M0 -700.0 700.0 -4050.0 0.1000 0 0 0  257.41 2.033 2632
Element: 306 0.0 0.0 0.0 0.0   1101M0 -700.0 700.0 -4050.0 0.1000 0 0 0  255.37 2.024 2634
Element: 307 0.0 0.0 0.0 0.0   1116M0 -700.0 700.0 -4050.0 0.1000 0 0 0  253.40 1.995 2633
Element: 308 0.0 0.0 0.0 0.0   1085M0 -700.0 700.0 -4050.0 0.1000 0 0 0  251.37 1.987 2347
Element: 309 0.0 0.0 0.0 0.0   1068M0 -700.0 700.0 -4050.0 0.1000 0 0 0  249.45 1.959 2344
Element: 310 0.0 0.0 0.0 0.0   1069M0 -700.0 700.0 -4050.0 0.1000 0 0 0  247.44 1.952 2346
Element: 311 0.0 0.0 0.0 0.0   1084M0 -700.0 700.0 -4050.0 0.1000 0 0 0  245.58 1.923 2345
Element: 312 0.0 0.0 0.0 0.0    925M0 -700.0 700.0 -4050.0 0.1000 0 0 0  243.69 1.987 2315
Element: 313 0.0 0.0 0.0 0.0    908M0 -700.0 700.0 -4050.0 0.1000 0 0 0  241.73 1.957 2312
Element: 314 0.0 0.0 0.0 0.0    909M0 -700.0 700.0 -4050.0 0.1000 0 0 0  239.77 1.950 2314
Element: 315 0.0 0.0 0.0 0.0    924M0 -700.0 700.0 -4050.0 0.1000 0 0 0  237.87 1.923 2313
Element: 316 0.0 0.0 0.0 0.0    893M0 -700.0 700.0 -4050.0 0.1000 0 0 0  235.91 1.913 2603
Element: 317 0.0 0.0 0.0 0.0    876M0 -700.0 700.0 -4050.0 0.1000 0 0 0  234.07 1.884 2600
Element: 318 0.0 0.0 0.0 0.0    877M0 -700.0 700.0 -4050.0 0.1000 0 0 0  232.13 1.876 2602
Element: 319 0.0 0.0 0.0 0.0    892M0 -700.0 700.0 -4050.0 0.1000 0 0 0  230.35 1.848 2601
Element: 320 0.0 0.0 0.0 0.0   1053M0 -700.0 700.0 -4050.0 0.1000 0 0 0  228.55 1.912 2059
Element: 321 0.0 0.0 0.0 0.0   1036M0 -700.0 700.0 -4050.0 0.1000 0 0 0  226.66 1.881 2056
Element: 322 0.0 0.0 0.0 0.0   1037M0 -700.0 700.0 -4050.0 0.1000 0 0 0  224.77 1.876 2058
Element: 323 0.0 0.0 0.0 0.0   1052M0 -700.0 700.0 -4050.0 0.1000 0 0 0  222.95 1.845 2057
Element: 324 0.0 0.0 0.0 0.0   1021M0 -700.0 700.0 -4050.0 0.1000 0 0 0  221.07 1.838 2667
Element: 325 0.0 0.0 0.0 0.0   1004M0 -700.0 700.0 -4050.0 0.1000 0 0 0  219.30 1.810 2664
Element: 326 0.0 0.0 0.0 0.0   1005M0 -700.0 700.0 -4050.0 0.1000 0 0 0  217.43 1.803 2666
Element: 327 0.0 0.0 0.0 0.0   1020M0 -700.0 700.0 -4050.0 0.1000 0 0 0  215.73 1.774 2665
Element: 328 0.0 0.0 0.0 0.0   1132M0 -700.0 700.0 -4050.0 0.1000 0 0 0  212.50 3.713 2920
Element: 329 0.0 0.0 0.0 0.0   1133M0 -700.0 700.0 -4050.0 0.1000 0 0 0  208.83 3.643 2922
Element: 330 0.0 0.0 0.0 0.0   1149M0 -700.0 700.0 -4050.0 0.1000 0 0 0  205.23 3.568 2923
Element: 331 0.0 0.0 0.0 0.0   1148M0 -700.0 700.0 -4050.0 0.1000 0 0 0  201.71 3.499 2921
Element: 332 0.0 0.0 0.0 0.0    814M0 -700.0 700.0 -4050.0 0.1000 0 0 0  198.19 3.599 2892
Element: 333 0.0 0.0 0.0 0.0    815M0 -700.0 700.0 -4050.0 0.1000 0 0 0  194.64 3.529 2894
Element: 334 0.0 0.0 0.0 0.0    831M0 -700.0 700.0 -4050.0 0.1000 0 0 0  191.16 3.450 2895
Element: 335 0.0 0.0 0.0 0.0    830M0 -700.0 700.0 -4050.0 0.1000 0 0 0  187.75 3.381 2893
Element: 336 0.0 0.0 0.0 0.0    878M0 -700.0 700.0 -4050.0 0.1000 0 0 0  184.32 3.506 2604
Element: 337 0.0 0.0 0.0 0.0    879M0 -700.0 700.0 -4050.0 0.1000 0 0 0  180.86 3.432 2606
Element: 338 0.0 0.0 0.0 0.0    895M0 -700.0 700.0 -4050.0 0.1000 0 0 0  177.47 3.360 2607
Element: 339 0.0 0.0 0.0 0.0    894M0 -700.0 700.0 -4050.0 0.1000 0 0 0  174.16 3.287 2605
Element: 340 0.0 0.0 0.0 0.0    942M0 -700.0 700.0 -4050.0 0.1000 0 0 0  171.01 3.030 2028
Element: 341 0.0 0.0 0.0 0.0    943M0 -700.0 700.0 -4050.0 0.1000 0 0 0  168.02 2.967 2030
Element: 342 0.0 0.0 0.0 0.0    959M0 -700.0 700.0 -4050.0 0.1000 0 0 0  165.09 2.904 2031
Element: 343 0.0 0.0 0.0 0.0    958M0 -700.0 700.0 -4050.0 0.1000 0 0 0  162.22 2.840 2029
Element: 344 0.0 0.0 0.0 0.0   1006M0 -700.0 700.0 -4050.0 0.1000 0 0 0  159.27 3.065 2668
Element: 345 0.0 0.0 0.0 0.0   1007M0 -700.0 700.0 -4050.0 0.1000 0 0 0  156.25 3.002 2670
Element: 346 0.0 0.0 0.0 0.0   1023M0 -700.0 700.0 -4050.0 0.1000 0 0 0  153.28 2.936 2671
Element: 347 0.0 0.0 0.0 0.0   1022M0 -700.0 700.0 -4050.0 0.1000 0 0 0  150.39 2.866 2669
Element: 348 0.0 0.0 0.0 0.0   1070M0 -700.0 700.0 -4050.0 0.1000 0 0 0  147.69 2.575 2348
Element: 349 0.0 0.0 0.0 0.0   1071M0 -700.0 700.0 -4050.0 0.1000 0 0 0  145.14 2.523 2350
Element: 350 0.0 0.0 0.0 0.0   1087M0 -700.0 700.0 -4050.0 0.1000 0 0 0  142.66 2.467 2351
Element: 351 0.0 0.0 0.0 0.0   1086M0 -700.0 700.0 -4050.0 0.1000 0 0 0  140.23 2.410 2349
Element: 352 0.0 0.0 0.0 0.0   1134M0 -700.0 700.0 -4050.0 0.1000 0 0 0  137.73 2.592 2924
Element: 353 0.0 0.0 0.0 0.0   1135M0 -700.0 700.0 -4050.0 0.1000 0 0 0  135.17 2.534 2926
Element: 354 0.0 0.0 0.0 0.0   1151M0 -700.0 700.0 -4050.0 0.1000 0 0 0  132.67 2.480 2927
Element: 355 0.0 0.0 0.0 0.0   1150M0 -700.0 700.0 -4050.0 0.1000 0 0 0  130.22 2.419 2925
Element: 356 0.0 0.0 0.0 0.0   1164M0 -700.0 700.0 -4050.0 0.1000 0 0 0  127.96 2.125 2952
Element: 357 0.0 0.0 0.0 0.0   1165M0 -700.0 700.0 -4050.0 0.1000 0 0 0  125.87 2.080 2954
Element: 358 0.0 0.0 0.0 0.0   1181M0 -700.0 700.0 -4050.0 0.1000 0 0 0  123.82 2.034 2955
Element: 359 0.0 0.0 0.0 0.0   1180M0 -700.0 700.0 -4050.0 0.1000 0 0 0  121.81 1.988 2953
Element: 360 0.0 0.0 0.0 0.0    846M0 -700.0 700.0 -4050.0 0.1000 0 0 0  119.75 2.141 2092
Element: 361 0.0 0.0 0.0 0.0    847M0 -700.0 700.0 -4050.0 0.1000 0 0 0  117.64 2.094 2094
Element: 362 0.0 0.0 0.0 0.0    863M0 -700.0 700.0 -4050.0 0.1000 0 0 0  115.58 2.045 2095
Element: 363 0.0 0.0 0.0 0.0    862M0 -700.0 700.0 -4050.0 0.1000 0 0 0  113.56 1.998 2093
Element: 364 0.0 0.0 0.0 0.0    974M0 -700.0 700.0 -4050.0 0.1000 0 0 0  111.68 1.759 2380
Element: 365 0.0 0.0 0.0 0.0    975M0 -700.0 700.0 -4050.0 0.1000 0 0 0  109.95 1.721 2382
Element: 366 0.0 0.0 0.0 0.0    993M0 -700.0 700.0 -4050.0 0.1000 0 0 0  108.25 1.683 2383
Element: 367 0.0 0.0 0.0 0.0    992M0 -700.0 700.0 -4050.0 0.1000 0 0 0  106.60 1.642 2381
